cool;Артель;Limbo;32;32;10;18;4;7;1;1;2;2;gipath,glory,;battle,combat,rage,
0;1;0;1;0;1;0;1;0;1;0;1;0;1;0;1;0;1;0;1;0;1;0;1;0;1;0;1;0;1;0;1;0;1;0;1;0;1;0;1;0;1;0;1;0;1;0;1;0;1;0;1;0;1;0;1;0;1;0;1;0;1;0;1;0;1;0;1;0;1;0;1;0;1;0;1;0;1;0;1;0;1;0;1;0;1;0;1;0;1;0;1;0;1;0;1;0;1;0;1;0;1;0;1;0;1;0;1;0;1;0;1;0;1;0;1;0;1;0;1;0;1;0;1;0;1;0;1;0;1;0;1;0;1;0;1;0;1;0;1;0;1;0;1;0;1;0;1;32;1;0;1;0;1;0;1;32;1;0;1;0;1;0;1;0;1;0;1;0;1;0;1;0;1;0;1;0;1;0;1;0;1;0;1;0;1;0;1;0;1;0;1;0;1;0;1;0;1;0;1;0;1;0;1;0;1;0;1;0;1;0;1;0;1;0;1;0;1;0;1;0;1;0;1;0;1;0;1;0;1;0;1;0;1;0;1;0;1;0;1;0;1;0;1;0;1;0;1;0;1;0;1;0;1;0;1;0;1;0;1;0;1;0;1;0;1;0;1;0;1;0;1;0;1;0;1;0;1;0;1;0;1;0;1;0;1;0;1;0;1;0;1;0;1;0;1;0;1;0;1;0;1;0;1;0;1;0;1;0;1;0;1;0;1;0;1;0;1;0;1;0;1;0;1;0;1;0;1;0;1;0;1;0;1;0;1;0;1;0;1;0;1;0;1;0;1;0;1;0;1;0;1;0;1;0;1;0;1;0;1;0;1;0;1;0;1;0;1;0;1;0;1;0;1;0;1;0;1;0;1;0;1;0;1;0;1;0;1;0;1;0;1;0;1;0;1;0;1;0;1;16;1;16;1;16;1;16;1;16;1;16;1;0;1;0;1;0;1;0;1;0;1;0;1;0;1;0;1;0;1;0;1;0;1;0;1;0;1;0;1;0;1;0;1;0;1;0;1;0;1;0;1;0;1;32;1;32;1;32;1;0;1;0;1;32;1;32;1;32;1;32;1;32;1;32;1;0;1;32;1;32;1;32;1;0;1;0;1;0;1;0;1;0;1;0;1;0;1;0;1;0;1;0;1;0;1;0;1;0;1;0;1;0;1;0;1;0;1;32;1;0;1;32;1;0;1;0;1;32;1;32;1;32;1;32;1;32;1;32;1;0;1;32;1;0;1;32;1;0;1;0;1;0;1;0;1;0;1;0;1;0;1;0;1;0;1;0;1;0;1;0;1;0;1;0;1;0;1;0;1;0;1;32;1;0;1;32;1;0;1;0;1;32;1;32;1;32;1;32;1;32;1;32;1;0;1;32;1;32;1;32;1;0;1;0;1;0;1;0;1;0;1;0;1;0;1;0;1;0;1;0;1;0;1;0;1;0;1;0;1;0;1;0;1;0;1;32;1;0;1;32;1;0;1;0;1;32;1;32;1;32;1;32;1;32;1;32;1;0;1;32;1;32;1;0;1;0;1;0;1;0;1;0;1;0;1;0;1;0;1;0;1;0;1;0;1;0;1;0;1;0;1;0;1;0;1;0;1;0;1;0;1;0;1;0;1;0;1;0;1;32;1;32;1;32;1;32;1;32;1;32;1;0;1;32;1;0;1;32;1;0;1;0;1;0;1;0;1;0;1;0;1;0;1;0;1;0;1;0;1;0;1;0;1;0;1;0;1;0;1;0;1;0;1;0;1;0;1;0;1;0;1;0;1;32;1;32;1;32;1;32;1;32;1;32;1;0;1;32;1;0;1;32;1;0;1;0;1;0;1;0;1;0;1;0;1;0;1;0;1;0;1;0;1;0;1;0;1;0;1;0;1;0;1;0;1;0;1;0;1;0;1;0;1;0;1;0;1;32;1;32;1;32;1;32;1;32;1;32;1;0;1;32;1;0;1;32;1;0;1;0;1;0;1;0;1;0;1;0;1;0;1;0;1;0;1;0;1;0;1;0;1;0;1;0;1;0;1;0;1;0;1;0;1;0;1;0;1;0;1;0;1;0;1;0;1;0;1;0;1;0;1;0;1;0;1;0;1;0;1;0;1;0;1;0;1;0;1;0;1;0;1;0;1;0;1;0;1;0;1;0;1;0;1;0;1;0;1;0;1;0;1;0;1;0;1;0;1;0;1;0;1;0;1;0;1;0;1;0;1;0;1;0;1;0;1;0;1;0;1;0;1;0;1;0;1;0;1;0;1;0;1;0;1;0;1;0;1;0;1;0;1;0;1;0;1;0;1;0;1;0;1;0;1;0;1;0;1;0;1;0;1;0;1;0;1;0;1;0;1;0;1;0;1;0;1;0;1;0;1;0;1;0;1;0;1;0;1;0;1;0;1;0;1;0;1;0;1;0;1;0;1;0;1;0;1;0;1;0;1;0;1;0;1;0;1;0;1;0;1;0;1;0;1;0;1;0;1;0;1;0;1;0;1;0;1;0;1;0;1;0;1;0;1;0;1;0;1;0;1;0;1;0;1;0;1;0;1;0;1;0;1;0;1;0;1;0;1;0;1;0;1;0;1;0;1;0;1;0;1;0;1;0;1;0;1;0;1;0;1;0;1;0;1;0;1;0;1;0;1;0;1;0;1;0;1;0;1;0;1;0;1;0;1;0;1;0;1;0;1;0;1;0;1;0;1;0;1;0;1;0;1;0;1;0;1;0;1;0;1;0;1;0;1;0;1;0;1;0;1;0;1;0;1;0;1;0;1;0;1;0;1;0;1;0;1;0;1;0;1;0;1;0;1;0;1;0;1;0;1;0;1;0;1;0;1;0;1;0;1;0;1;0;1;0;1;0;1;0;1;0;1;0;1;0;1;0;1;0;1;0;1;0;1;0;1;0;1;0;1;0;1;0;1;0;1;0;1;0;1;0;1;0;1;0;1;0;1;0;1;0;1;0;1;0;1;0;1;0;1;0;1;0;1;0;1;0;1;0;1;0;1;0;1;0;1;0;1;0;1;0;1;0;1;0;1;0;1;0;1;0;1;0;1;0;1;0;1;0;1;0;1;0;1;0;1;0;1;0;1;0;1;0;1;0;1;0;1;0;1;0;1;0;1;0;1;0;1;0;1;0;1;0;1;0;1;0;1;0;1;0;1;0;1;0;1;0;1;0;1;0;1;0;1;0;1;0;1;0;1;0;1;0;1;0;1;0;1;0;1;0;1;0;1;0;1;0;1;0;1;0;1;0;1;0;1;0;1;0;1;0;1;0;1;0;1;0;1;0;1;0;1;0;1;0;1;0;1;0;1;0;1;0;1;0;1;0;1;0;1;0;1;0;1;0;1;0;1;0;1;0;1;0;1;0;1;0;1;0;1;0;1;0;1;0;1;0;1;0;1;0;1;0;1;0;1;0;1;0;1;0;1;0;1;0;1;0;1;0;1;0;1;0;1;0;1;0;1;0;1;0;1;0;1;0;1;0;1;0;1;0;1;0;1;0;1;0;1;0;1;0;1;0;1;0;1;0;1;0;1;0;1;0;1;0;1;0;1;0;1;0;1;0;1;0;1;0;1;0;1;0;1;0;1;0;1;0;1;0;1;0;1;0;1;0;1;0;1;0;1;0;1;0;1;0;1;0;1;0;1;0;1;0;1;0;1;0;1;0;1;0;1;0;1;0;1;0;1;0;1;0;1;0;1;0;1;0;1;0;1;0;1;0;1;0;1;0;1;0;1;0;1;0;1;0;1;0;1;0;1;0;1;0;1;0;1;0;1;0;1;0;1;0;1;0;1;0;1;0;1;0;1;0;1;0;1;0;1;0;1;0;1;0;1;0;1;0;1;0;1;0;1;0;1;0;1;0;1;0;1;0;1;0;1;0;1;0;1;0;1;0;1;0;1;0;1;0;1;0;1;0;1;0;1;0;1;0;1;0;1;0;1;0;1;0;1;0;1;0;1;0;1;0;1;0;1;0;1;0;1;0;1;0;1;0;1;0;1;0;1;0;1;0;1;0;1;0;1;0;1;0;1;0;1;0;1;0;1;0;1;0;1;0;1;0;1;0;1;0;1;0;1;0;1;0;1;0;1;0;1;0;1;0;1;0;1;0;1;0;1;0;1;0;1;0;1;0;1;0;1;0;1;0;1;0;1;0;1;0;1;0;1;0;1;0;1;0;1;0;1;0;1;0;1;0;1;0;1;0;1;0;1;0;1;0;1;0;1;0;1;0;1;0;1;0;1;0;1;0;1;0;1;0;1;0;1;0;1;0;1;0;1;0;1;0;1;0;1;0;1;0;1;0;1;0;1;0;1;0;1;0;1;0;1;0;1;0;1;0;1;0;1;0;1;0;1;0;1;0;1;0;1;0;1;0;1;0;1;0;1;0;1;0;1;0;1;0;1;0;1;0;1;0;1;0;1;0;1;0;1;0;1;0;1;0;1;0;1;0;1;0;1;0;1;0;1;0;1;0;1;0;1;0;1;0;1;0;1;0;1;0;1;0;1;0;1;0;1;0;1;0;1;0;1;0;1;0;1;0;1;0;1;0;1;0;1;0;1;0;1;0;1;0;1;0;1;0;1;0;1;0;1;0;1;0;1;0;1;
rune2;item0;0;12;rune2;item1;1;12;rune2;item2;2;12;rune1;item3;0;13;rune1;item4;1;13;rune1;item5;2;13;armor2;item6;0;11;armor1;item7;1;11;shield2;item8;2;11;bow1;item9;3;11;
test1;activator0;11;16;test1;activator1;12;16;test1;activator2;13;16;test1;activator3;14;16;test1;activator4;14;17;test1;activator5;13;17;test1;activator6;12;17;test1;activator7;12;17;test1;activator8;11;17;test1;activator9;11;18;test1;activator10;12;18;test1;activator11;13;18;test1;activator12;14;18;test1;activator13;14;19;test1;activator14;13;19;test1;activator15;12;19;test1;activator16;11;19;test;activator17;4;17;
anim1;animTile1;5;3;anim1;animTile2;7;4;anim1;animTile3;12;3;
chest1;chest5;7;15;150,1,sword1;chest1;chest6;15;15;200,5,sword1,sword1,sword1,sword1,sword1;
door1;door0;7;8;
ambient;sound0;0;0;
structure1;structure0;16;3;structure2;structure1;4;14;
qwer;Первый костёр;0;0;3;
Pers1;char0;3;5;0,8,7,13,13,100,300,1,0,0,1,0,1,,,,0,;Pers1;char1;18;6;1,0,0,0,0,0,0,0,0,0,0,1,1,,,,2,15,7,100,17,13,50,;
